1.509523
1.304989
0.839307
0.597788
0.465134
0.442682
0.385063
0.384965
0.275900
0.285803
0.307965
0.262875
0.215777
0.264844
0.269245
0.288515
0.327395
0.280053
0.257424
0.173949
0.214350
0.184556
0.238887
0.220731
0.227882
0.215719
0.212213
0.241708
0.215678
0.181583
0.188735
0.184439
0.156388
0.175396
0.180500
0.201249
0.219782
0.204371
0.245023
0.275672
0.181388
0.171975
0.160601
0.171203
0.161496
0.206178
0.205300
0.151303
0.180797
0.205883
0.163346
0.181666
0.185488
0.158193
0.152566
0.162190
0.141866
0.163047
0.171489
0.153171
0.145587
0.175584
0.151327
0.131078
0.126799
0.120285
0.142873
0.117347
0.127128
0.157276
0.140299
0.105646
0.133013
0.147050
0.119866
0.116139
0.121419
0.114967
0.107129
0.134693
0.144436
0.135499
0.125023
0.120518
0.127417
0.169317
0.171036
0.174453
0.137890
0.118638
0.123173
0.129133
0.109300
0.094296
0.086931
0.115519
0.127864
0.131785
0.117266
0.131686
0.106989
0.097910
0.136310
0.127367
0.141460
0.129563
0.113329
0.152705
0.134584
0.112746
0.116504
0.126103
0.107649
0.104751
0.100470
0.115832
0.113253
0.113884
0.130920
0.148193
0.142395
0.162170
0.153815
0.158873
0.161687
0.131313
0.108341
0.118030
0.116506
0.127966
0.125606
0.119857
0.110704
0.115936
0.122517
0.127257
0.138769
0.157084
0.132968
0.116395
0.138048
0.122989
0.099812
0.120044
0.121884
0.102071
0.136934
0.119720
0.095240
0.097647
0.112606
0.095017
0.121444
0.100516
0.090679
0.131590
0.147519
0.135008
0.129346
0.106204
0.112341
0.114928
0.105035
0.106569
0.123264
0.107866
0.127555
0.108057
0.117059
0.104170
0.104588
0.132107
0.128349
0.138169
0.133761
0.101299
0.093965
0.110086
0.108911
0.097185
0.119110
0.125994
0.138334
0.116707
0.120629
0.101240
0.114401
0.097739
0.103215
0.116492
0.095980
0.089513
0.102323
0.133914
0.112689
0.094524
0.086328
0.080962
0.106033
0.117551
0.080834
0.111251
0.130663
0.112991
0.095460
0.109209
0.111189
0.119319
0.138810
0.137058
0.118271
0.100650
0.108730
0.109379
0.099564
0.084336
0.080094
0.132350
0.122535
0.115156
0.139104
0.121537
0.112111
0.094829
0.109814
0.104176
0.121343
0.128948
0.118380
0.124611
0.110954
0.093099
0.115672
0.126104
0.114025
0.104548
0.127096
0.124580
0.101501
0.099436
0.103148
0.110276
0.104318
0.109663
0.122371
0.129994
0.129626
0.076361
0.103840
0.099745
0.083924
0.098537
0.128245
0.110132
0.099001
0.117491
0.113469
2.952962
2.073910
0.878976
0.442110
0.267085
0.236428
0.173450
0.170236
0.091583
0.091369
0.118213
0.081002
0.054560
0.090050
0.106103
0.111772
0.153277
0.094920
0.080345
0.041771
0.054912
0.044408
0.067230
0.058733
0.065255
0.059983
0.057216
0.069368
0.061994
0.040183
0.042787
0.045856
0.035208
0.037126
0.041074
0.052331
0.057514
0.052951
0.077742
0.088422
0.040858
0.036955
0.035755
0.035850
0.031026
0.047479
0.055873
0.031453
0.039408
0.046783
0.044057
0.042052
0.037369
0.031191
0.029674
0.033176
0.026706
0.038189
0.035372
0.027801
0.032095
0.035627
0.028428
0.025420
0.018326
0.017837
0.024004
0.018642
0.022423
0.029624
0.023350
0.013417
0.018918
0.027280
0.018434
0.015579
0.018321
0.014343
0.013915
0.024718
0.026889
0.024197
0.018062
0.020738
0.018440
0.036462
0.034336
0.039180
0.024079
0.016872
0.018128
0.022483
0.012819
0.011143
0.010541
0.019703
0.019968
0.019710
0.016573
0.023142
0.014561
0.012863
0.019768
0.019383
0.025573
0.020936
0.017378
0.026961
0.022529
0.016845
0.020054
0.019564
0.016653
0.014240
0.011882
0.015557
0.015802
0.016820
0.022901
0.025281
0.024447
0.030821
0.026188
0.029943
0.034037
0.023530
0.013297
0.016638
0.017864
0.022709
0.023895
0.017978
0.014567
0.016936
0.017377
0.019726
0.021598
0.029012
0.022078
0.017844
0.023424
0.018111
0.012411
0.017296
0.019375
0.012766
0.022950
0.020568
0.011083
0.011203
0.013916
0.012102
0.018882
0.014478
0.011624
0.024473
0.023429
0.020571
0.020075
0.016312
0.015453
0.014849
0.012954
0.014347
0.016195
0.012566
0.022131
0.018604
0.018621
0.012338
0.014061
0.021104
0.017851
0.021832
0.021595
0.013058
0.010618
0.014137
0.013764
0.011714
0.017647
0.020249
0.020974
0.015897
0.017293
0.014123
0.015326
0.011716
0.012857
0.014599
0.011626
0.012443
0.015037
0.022371
0.014317
0.012828
0.008492
0.008141
0.015454
0.017416
0.008884
0.016813
0.019741
0.016779
0.011737
0.017870
0.014847
0.017827
0.024199
0.020989
0.018733
0.013728
0.015164
0.014017
0.013433
0.008281
0.008900
0.020085
0.018497
0.017659
0.021348
0.019294
0.016825
0.010100
0.015624
0.014578
0.017368
0.020750
0.016119
0.018670
0.015602
0.010823
0.016620
0.018135
0.015667
0.013980
0.018940
0.018597
0.012735
0.012794
0.013602
0.015284
0.014410
0.017510
0.019399
0.019704
0.019493
0.008017
0.012959
0.012023
0.008128
0.012871
0.020048
0.014295
0.012032
0.016233
0.021067
