-0.001140
0.008168
-0.008844
-0.007349
-0.005537
-0.012562
-0.002453
-0.026610
0.001254
-0.004936
-0.002000
0.005538
-0.002698
-0.007582
-0.014394
-0.001386
0.012334
0.022844
-0.007142
-0.000652
-0.004168
-0.001712
-0.000153
0.007867
0.000943
-0.008465
-0.015216
-0.022062
-0.017551
-0.006693
-0.007563
-0.016513
-0.013902
0.007913
0.002236
0.014279
0.001550
0.003478
-0.007126
-0.011389
-0.013399
-0.008480
-0.021504
-0.013973
-0.012835
0.000833
0.010761
0.006007
-0.001771
-0.000235
0.006009
0.010196
0.006863
0.007915
0.003782
0.009633
0.000401
0.001362
0.007253
0.009549
0.019681
0.009770
0.011739
-0.004573
0.018423
0.016704
0.017007
0.040766
0.030535
0.039144
0.036561
0.019135
0.028905
0.028622
0.036391
0.028103
0.038668
0.032591
0.035742
0.002313
0.010707
-0.009336
-0.019144
-0.020333
-0.020136
-0.020892
-0.022834
-0.038028
-0.011171
0.000350
-0.003786
-0.003265
-0.014643
0.010396
0.006520
0.001334
-0.006795
0.001265
0.010171
-0.007801
-0.012391
0.007153
-0.010637
-0.007413
0.005548
-0.009641
-0.010126
-0.001909
-0.027366
-0.018139
-0.023310
-0.026312
-0.021153
0.006894
-0.007603
-0.025890
-0.013981
-0.008774
-0.004014
0.006374
-0.016762
0.011936
0.023739
0.005943
0.016906
0.011046
0.014241
0.020320
0.017720
0.030407
0.028502
0.014090
0.012067
0.008891
-0.001359
0.000443
0.000989
0.000911
-0.007649
-0.006264
-0.016665
-0.010192
-0.020763
-0.013393
-0.026001
-0.020564
-0.016572
-0.020986
-0.031706
-0.015849
-0.008381
-0.020681
-0.002087
-0.027068
-0.022641
-0.015964
-0.011253
-0.011222
-0.022483
-0.005991
-0.027447
-0.009276
-0.009973
0.004572
0.010779
0.022691
0.021722
0.005920
-0.011017
-0.017092
-0.004741
-0.008436
-0.025905
-0.020068
-0.011809
-0.042382
-0.038736
-0.005669
-0.023365
-0.035945
-0.012796
-0.005636
-0.018483
-0.025676
-0.018964
-0.026905
-0.033092
-0.015818
-0.008706
-0.018445
-0.029911
-0.011954
0.014503
0.005178
0.009443
0.018621
0.030972
0.025227
0.018574
0.006854
0.004296
-0.003845
0.004634
0.015434
0.034353
0.016494
0.049454
0.057423
0.016261
0.001168
0.031428
0.023799
0.029230
0.029221
-0.001185
0.019074
0.011645
0.009041
-0.026531
-0.030476
-0.004422
0.004236
-0.025571
-0.026655
-0.033130
-0.024829
-0.044946
-0.043349
-0.042928
-0.030196
-0.039124
-0.002511
0.011219
0.006729
0.027748
0.020908
0.052277
0.013863
0.016201
-0.006665
-0.032621
-0.030627
-0.016728
-0.034739
-0.012015
0.018556
0.017113
-0.000637
-0.003824
-0.023146
-0.021632
-0.060060
-0.054569
-0.053028
-0.059145
-0.058455
-0.033206
-0.009950
-0.006108
0.012969
-0.021512
0.002396
0.003394
0.009268
-0.001908
-0.002844
-0.005605
-0.004783
-0.016548
-0.036349
-0.041947
-0.039568
-0.042320
-0.046370
-0.078359
-0.066004
-0.051287
-0.044118
-0.033027
0.006037
-0.000424
-0.014197
-0.014026
-0.031110
-0.040265
-0.046549
-0.036351
-0.035959
-0.045362
-0.039950
-0.010628
0.005247
0.013983
0.038461
0.036838
0.060431
0.052053
0.045520
0.016836
0.009093
-0.006734
-0.026292
-0.056197
-0.029922
-0.056028
-0.061817
-0.053780
-0.032188
-0.014205
-0.027253
-0.005615
0.035739
0.015465
0.011455
0.027176
0.028173
0.030984
0.023861
0.037031
0.022137
0.022645
0.014203
-0.015162
0.006858
-0.020230
-0.033865
-0.021417
-0.024318
-0.032165
-0.042290
-0.029768
-0.008631
-0.007178
-0.005190
0.008919
0.017872
0.021207
0.036903
0.036751
0.064179
0.046600
0.040325
0.040558
0.050922
0.056408
0.039585
0.029619
0.028857
0.018480
0.007301
0.010329
0.007952
0.014776
0.033055
0.036763
0.021114
-0.002063
0.000066
-0.009544
-0.003472
-0.015758
-0.021632
-0.042153
-0.036830
-0.038819
-0.020963
-0.018851
-0.044299
-0.021123
-0.016342
-0.002447
0.002343
-0.021718
0.016774
-0.000877
-0.001720
-0.011021
0.003492
0.009488
-0.007052
0.008987
-0.001677
-0.023452
-0.018748
0.001947
-0.011256
-0.007109
-0.008611
-0.022368
-0.015156
-0.011700
-0.022845
-0.021345
0.003653
0.016084
0.041434
0.062997
0.089509
0.078295
0.103953
0.114213
0.079334
0.018999
-0.075546
-0.112496
-0.166237
-0.203592
-0.238499
-0.201360
-0.124607
-0.066361
-0.020097
0.059961
0.120343
0.124146
0.132504
0.128716
0.088059
0.046431
-0.000553
-0.047616
-0.059725
-0.074527
-0.071676
-0.074351
-0.064387
-0.055585
-0.051961
-0.040120
-0.050745
-0.037922
-0.049223
-0.045100
-0.071569
-0.063830
-0.048814
-0.020218
-0.011099
0.004949
0.031177
0.037913
0.047230
0.032653
0.018143
-0.022995
-0.048419
-0.081300
-0.099172
-0.099393
-0.087657
-0.069160
-0.055539
-0.037925
-0.022498
-0.003011
0.006922
0.032149
0.062220
0.055616
0.039903
0.019166
0.011571
0.004851
0.002606
0.008089
0.014377
0.012504
0.016896
0.021213
0.013750
0.021923
0.025140
0.005838
0.007210
0.014369
0.008906
0.016362
0.016314
0.016469
0.024147
0.048785
0.025045
0.025977
0.027909
0.008476
0.021804
0.018623
0.015823
0.027149
0.050195
0.064743
0.057551
0.066079
0.062006
0.016927
-0.003228
-0.011887
0.000442
-0.009143
-0.012159
0.000947
0.019067
0.024717
0.020483
0.034602
0.068212
0.049918
0.072473
0.075327
0.109988
0.115944
0.090201
0.024639
0.009606
-0.005133
0.014730
0.010075
0.012826
0.009939
0.003956
0.008799
0.006345
0.009146
0.004307
-0.009045
0.011112
-0.011211
-0.012839
-0.007278
0.009296
0.013519
0.010885
-0.004643
-0.013990
-0.003695
0.005040
0.009236
0.008689
0.015361
0.002028
0.024585
0.020863
0.016823
0.014618
0.014555
0.024849
0.003695
-0.003558
0.002452
0.008926
0.015403
-0.006800
0.000697
-0.000918
0.015827
0.022847
0.019111
0.017383
0.029623
0.019244
0.004769
-0.012898
0.007007
0.009400
0.001714
0.013960
0.000416
0.019646
-0.007336
0.010543
0.004811
-0.005977
0.005289
0.014574
0.019427
0.017117
0.010417
0.021120
0.021412
0.035240
0.024919
0.032748
0.053240
0.036722
0.030760
0.040928
0.044251
0.025983
0.014218
0.006266
-0.008070
-0.037774
-0.023597
-0.037569
-0.041622
-0.016197
-0.036911
-0.019435
-0.027675
-0.025067
-0.017067
-0.025416
-0.006702
-0.016203
-0.020449
-0.014819
-0.022972
-0.008192
-0.021674
-0.005497
-0.010904
0.005094
-0.017076
-0.015926
-0.018122
-0.025412
-0.005137
-0.037183
-0.030130
-0.006755
-0.030322
-0.019346
-0.013483
-0.010255
-0.014604
0.005461
0.007127
-0.007910
-0.021894
-0.025844
0.000709
0.001407
-0.013395
-0.009161
0.001646
0.008540
-0.000877
-0.005815
-0.007742
0.009810
-0.005669
-0.005218
0.009504
-0.009150
-0.000899
0.000066
0.000441
0.005855
-0.011185
-0.005187
0.016119
0.009036
0.003860
-0.007587
0.011493
0.001282
0.004109
-0.000813
-0.012113
-0.015804
-0.005802
-0.001958
0.007376
0.020781
0.026964
0.012199
0.009462
0.015975
-0.002041
-0.000012
-0.015789
-0.002854
-0.019374
-0.016417
-0.011369
-0.022447
-0.006204
0.018471
0.039291
0.013741
-0.009823
-0.003451
0.003688
-0.019542
-0.017933
-0.013623
-0.019706
-0.012518
-0.011343
-0.005160
-0.010283
-0.000802
0.004772
0.012938
0.042114
0.020735
0.012054
0.027037
-0.014125
-0.002356
-0.002792
0.018753
-0.004012
0.010578
0.008755
0.028405
0.021115
0.038019
0.042433
0.027395
0.035769
0.035232
0.010002
0.004558
-0.016987
0.016577
0.012007
0.002646
0.026702
0.032787
0.024422
-0.011246
-0.015110
0.005902
0.001151
0.018186
-0.014756
-0.007350
-0.030728
-0.030659
-0.016780
-0.037764
-0.037646
-0.031451
-0.033535
-0.017416
-0.027652
-0.023675
-0.017838
-0.047222
-0.043756
-0.028772
-0.024053
-0.030005
-0.011107
0.019628
0.026054
0.036863
0.038843
0.026497
0.006387
0.002228
-0.005771
-0.038137
-0.035498
-0.034545
-0.035478
-0.016704
-0.017363
-0.029945
-0.014799
-0.037490
-0.000949
-0.013774
-0.024320
-0.021700
-0.024964
-0.025274
-0.029662
-0.029104
-0.023310
-0.010650
-0.017346
-0.005559
-0.011550
0.009076
0.025232
-0.011963
0.017337
0.008108
0.023293
-0.014105
-0.007596
-0.041330
-0.047310
-0.002458
-0.050418
-0.046972
-0.042096
-0.024806
-0.025619
-0.013762
0.015713
0.006950
0.009954
0.018037
0.014872
-0.004814
0.001903
-0.002127
-0.013171
-0.020362
-0.008914
0.000655
0.007945
0.023226
0.044205
0.071718
0.057611
0.054373
0.027484
0.017482
0.005795
-0.018895
-0.026845
-0.057672
-0.062743
-0.054184
-0.088845
-0.082014
-0.055238
-0.044118
-0.028948
-0.017902
-0.002596
0.001136
-0.004369
0.028314
0.058554
0.037964
0.044909
0.051880
0.056116
0.037036
0.029423
0.041271
-0.002479
-0.005260
-0.020275
-0.026312
-0.028165
-0.035738
-0.033124
-0.023634
-0.016971
-0.029816
-0.022177
-0.010959
-0.016399
0.016095
0.023387
0.041725
0.023047
0.033252
0.033658
0.026309
0.028215
0.014974
0.011967
0.006773
0.007018
0.005007
0.004570
0.019921
0.022344
0.021786
0.006871
-0.001137
-0.025117
-0.017233
-0.021738
0.013805
-0.010455
0.001691
-0.001943
0.008799
-0.020088
-0.022101
-0.019150
-0.015560
-0.023124
-0.033860
0.001257
-0.001487
-0.008487
-0.000556
0.006853
0.003980
-0.004794
0.001612
-0.002484
0.000482
-0.002564
-0.011120
-0.022989
-0.018604
-0.015819
-0.004445
0.000696
-0.007803
0.006370
0.009245
-0.006096
-0.005360
-0.022804
-0.009402
-0.003533
0.025761
0.050203
0.079889
0.088566
0.094951
0.102281
0.109344
0.101299
0.054355
-0.050134
-0.103365
-0.136490
-0.192025
-0.195126
-0.210624
-0.150038
-0.089882
-0.043348
0.030764
0.052797
0.107152
0.131551
0.129842
0.125715
0.078228
0.033482
-0.015707
-0.055892
-0.074869
-0.096456
-0.077437
-0.047992
-0.039267
-0.002302
-0.018503
-0.026172
-0.011533
-0.005599
-0.038407
-0.056961
-0.058921
-0.050590
-0.034816
-0.018239
0.012516
0.050612
0.058323
0.065366
0.042541
0.045598
0.034073
-0.019258
-0.047988
-0.073930
-0.081984
-0.077600
-0.082294
-0.061182
-0.051874
-0.025566
-0.011374
0.002315
0.035866
0.044842
0.039878
0.023506
0.002987
-0.005131
-0.011648
-0.022692
-0.017945
-0.002214
-0.000094
0.002361
0.005421
0.028309
0.024851
0.023889
0.006411
0.002953
-0.012088
0.008470
0.012831
0.012998
0.024219
0.028407
0.013744
0.028660
0.037209
0.023839
0.025696
0.028440
0.011107
0.016732
0.037842
0.041043
0.037640
0.036070
0.036228
-0.005503
-0.008600
-0.020235
-0.016867
-0.011749
-0.020233
-0.024710
-0.008643
0.002450
0.023725
-0.001247
0.033928
0.057104
0.056350
0.066375
0.089640
0.105954
0.148391
0.020631
0.024136
0.015608
-0.006822
-0.004053
-0.001383
0.012514
-0.000919
0.012816
0.001687
-0.001652
-0.002342
-0.002035
0.003576
-0.009643
0.004004
-0.025839
0.006862
-0.016745
0.002918
0.004364
-0.008011
-0.004356
0.002174
0.003279
-0.006791
-0.015103
-0.021429
-0.010948
-0.027970
-0.012954
-0.011120
-0.016678
-0.015951
-0.033072
-0.028304
-0.031036
-0.036751
-0.036628
-0.043729
-0.018307
-0.020980
-0.008587
-0.016993
-0.020799
-0.010932
-0.007668
-0.005674
-0.013674
-0.036043
-0.018240
0.003946
-0.013967
0.000573
0.004298
0.011500
-0.007402
-0.002921
-0.012057
0.006407
-0.006094
0.005131
0.001940
0.012803
0.019433
0.006407
-0.006759
0.010542
0.007351
0.020765
0.034884
0.017848
0.026420
0.035054
0.045495
0.025394
0.031576
0.021348
0.024354
-0.012775
0.014679
-0.009283
0.003348
-0.013912
-0.017596
-0.014336
0.006258
-0.008241
0.009408
0.024014
0.008037
-0.000473
-0.000237
0.013824
0.006085
0.005343
0.014093
-0.002477
0.025328
0.013731
-0.007517
0.009847
0.013988
-0.005641
0.003138
-0.029801
-0.012161
-0.016832
-0.026626
-0.034658
-0.025674
-0.026154
-0.029816
-0.014458
-0.007992
-0.018370
-0.019703
-0.018600
0.009300
-0.017459
-0.030079
-0.011233
-0.016028
-0.017391
-0.001599
-0.000951
0.000762
0.018336
-0.003116
0.017400
0.019555
0.026319
0.022617
0.009146
0.004390
0.006780
0.002194
-0.004271
0.013137
0.013761
0.011286
-0.021412
-0.000001
-0.007246
0.012076
-0.004970
-0.011629
-0.004964
-0.015498
-0.006944
-0.012199
-0.009207
0.003258
0.003071
0.007394
0.008478
-0.015888
-0.010387
-0.020655
0.001298
-0.014627
-0.034787
-0.009237
-0.040048
-0.019304
-0.023300
0.003652
0.002887
0.000240
-0.016555
-0.014991
-0.010759
-0.023834
-0.030555
-0.008899
-0.018101
-0.022866
-0.018403
-0.016855
-0.013946
-0.012713
-0.021322
-0.003169
0.013854
-0.015301
-0.020865
-0.010448
-0.010289
-0.006458
0.002811
-0.017974
-0.005874
-0.003654
-0.018493
0.018413
0.034965
0.018101
0.016977
0.020424
0.027145
0.016412
0.019282
0.007310
-0.011376
0.004270
0.029273
0.013896
0.030206
0.020619
0.040807
0.037328
-0.001014
0.012774
0.016278
-0.018821
0.001590
-0.025185
-0.037943
-0.035850
-0.025186
-0.023678
-0.030824
-0.019701
-0.003829
0.002462
0.005385
0.002007
-0.013255
-0.021723
-0.032319
-0.025529
-0.015128
-0.013002
0.001851
0.011349
0.030360
0.031125
0.023840
0.030048
0.021854
-0.019190
-0.013483
-0.040528
-0.063869
-0.058088
-0.030083
-0.044346
-0.027969
0.000938
-0.001025
0.002865
-0.002197
-0.009227
-0.017402
-0.005393
-0.002121
-0.004462
0.000098
-0.018902
0.008301
-0.012515
0.002793
-0.005996
-0.001238
0.018913
0.000968
0.012988
0.005148
0.022285
0.012956
0.015179
-0.012750
-0.020161
-0.026702
-0.034486
-0.044207
-0.064629
-0.051590
-0.059911
-0.015842
-0.005668
0.000557
0.019833
0.017761
0.011991
0.002430
0.008583
-0.020584
-0.024432
-0.034235
-0.047955
-0.027484
-0.011396
0.006020
0.030730
0.044735
0.076640
0.071316
0.054975
0.022422
0.021463
0.009013
0.002032
-0.005066
-0.032684
-0.027400
-0.030802
-0.060717
-0.055566
-0.048953
-0.014348
-0.010479
-0.028398
0.002011
0.022341
0.000780
0.026198
0.023612
0.034696
0.040488
0.044088
0.024917
0.028576
0.023286
0.006797
-0.002310
-0.000313
-0.009637
-0.018664
-0.021906
-0.018319
0.003016
-0.009060
-0.010488
-0.016015
-0.000666
0.008685
0.013080
0.013694
0.035047
0.044900
0.049799
0.043321
0.047560
0.049910
0.037870
0.037736
0.035878
0.027122
0.013679
0.022623
0.014385
0.005918
0.000561
-0.027396
-0.026263
-0.039712
-0.036155
-0.021544
-0.003256
-0.002593
-0.008600
-0.010314
-0.015725
-0.000364
-0.013496
-0.030274
-0.031664
0.000739
-0.007374
0.001391
0.015821
0.009877
0.025029
0.039960
0.023024
0.013916
0.004809
0.008406
-0.005618
0.021545
0.006718
-0.007678
0.005919
0.013259
0.007749
0.032147
0.026154
0.013533
0.015497
0.027102
0.015821
-0.007193
0.004188
0.035330
0.036882
0.047750
0.078462
0.075436
0.096920
0.102114
0.119405
0.147056
0.136561
0.097744
0.006430
-0.032229
-0.128479
-0.152453
-0.197289
-0.188507
-0.157996
-0.115392
-0.046249
0.002684
0.061899
0.133162
0.143375
0.130928
0.138446
0.098155
0.060241
0.023702
-0.027741
-0.073121
-0.093478
-0.093603
-0.070384
-0.048624
-0.032824
-0.019261
-0.007289
-0.007080
-0.022601
-0.060135
-0.056970
-0.061973
-0.046671
-0.039026
-0.023743
0.007988
0.032464
0.061424
0.068085
0.064157
0.056990
0.017115
-0.000387
-0.044024
-0.054633
-0.066426
-0.070711
-0.082103
-0.083693
-0.048939
-0.040855
-0.021026
0.008115
0.020146
0.036199
0.022430
0.039779
0.026404
0.017007
0.015957
0.004767
-0.005753
-0.009762
0.010151
0.006236
0.026027
0.036003
0.016833
0.029656
0.029675
0.022046
0.001347
0.011898
0.004963
0.021520
0.049961
0.013908
0.044904
0.054149
0.032718
0.048193
0.034762
0.023659
0.017389
0.042561
0.053926
0.053746
0.043112
0.015298
-0.012375
0.000113
-0.008723
-0.002084
-0.010591
-0.020005
-0.002390
-0.013117
0.021025
0.029663
0.023073
0.038131
0.021252
0.055943
0.060440
0.072567
0.109412
0.117612
0.028057
0.028740
0.031254
0.037204
0.037390
0.037577
0.046545
0.016239
0.025770
0.021968
0.016013
0.026233
0.021067
0.012169
0.009601
0.019900
0.016268
0.011319
0.015904
0.022732
0.026520
0.018886
0.021713
0.035256
0.045644
0.017767
0.028095
0.013914
0.013303
0.005707
0.004836
0.012116
0.022917
0.013439
0.008541
0.012038
0.008870
-0.002051
-0.003097
-0.017968
0.011331
0.028173
0.015751
0.018315
0.025615
0.036365
0.057814
0.032352
0.014671
0.016635
0.012463
0.012958
0.016731
-0.000664
0.001522
0.002725
-0.009415
0.007026
0.010088
0.017591
0.022758
0.021637
0.024500
0.028609
0.043651
0.039134
0.039993
0.031988
0.030457
0.035239
0.034259
0.022496
0.012869
0.011964
0.046209
0.012349
0.005381
0.002947
0.004006
-0.013627
-0.008032
-0.012465
-0.014661
-0.004101
-0.004361
0.008671
0.007482
0.001711
0.012355
-0.001193
0.001181
0.007836
0.006875
0.017407
0.007649
0.019105
-0.006847
0.023300
0.035764
0.036514
0.009614
0.007136
0.013530
-0.011668
-0.001333
0.001290
-0.003511
-0.000579
-0.001192
0.004375
-0.005761
-0.014547
-0.010385
-0.010116
-0.020454
-0.018102
-0.013516
-0.012783
-0.013709
0.002031
-0.007820
-0.003937
0.000126
-0.022848
0.001998
0.013590
0.001883
-0.002101
-0.007911
-0.008256
0.016509
0.004563
0.000343
0.005639
-0.016884
-0.016823
-0.023819
-0.012585
-0.009451
-0.024703
-0.012036
-0.011441
-0.008835
-0.019355
-0.013986
-0.021937
-0.015000
-0.030184
-0.040607
-0.022064
-0.000001
-0.010206
0.004850
-0.009807
0.004763
0.006441
0.009994
0.009872
-0.007008
-0.001731
-0.006235
-0.019830
-0.002194
-0.002804
0.005683
0.005792
0.018043
0.011585
-0.004817
0.004559
0.015062
0.010252
0.011461
0.018554
0.003359
-0.009689
0.002079
0.013298
0.005540
0.013995
0.006177
-0.004374
0.009913
-0.012863
0.021915
0.006775
0.016640
0.025860
0.033679
0.010453
-0.006035
0.024308
0.035270
0.033454
0.024140
0.038642
0.045668
0.049042
0.050564
0.066459
0.065010
0.056759
0.047765
0.032746
0.022476
0.034183
0.054213
0.041443
0.054999
0.045206
0.049336
0.044492
0.026921
0.023565
-0.010313
-0.012401
-0.018553
-0.008642
0.001691
-0.011861
0.001004
0.029183
0.002481
0.017654
0.019360
0.025692
0.019455
0.040837
0.022321
0.012394
-0.004019
0.014463
0.031224
0.021309
0.024360
0.038165
0.058380
0.049183
0.039531
0.041879
0.035801
-0.003451
0.004922
-0.021227
-0.039091
-0.017535
-0.017901
-0.028329
-0.011954
0.008365
0.029765
0.009658
0.021950
0.009313
0.002570
0.007576
0.035487
0.026494
0.007108
-0.002040
-0.011103
-0.012253
-0.009062
0.011116
0.008607
-0.009301
0.023157
0.012533
0.024516
0.011562
-0.000772
-0.007376
-0.031494
-0.021695
-0.056727
-0.050566
-0.056616
-0.054262
-0.071533
-0.028902
-0.034795
-0.027806
-0.035060
0.003796
0.016227
-0.005982
0.005241
-0.002411
-0.006397
-0.018442
-0.009592
-0.032935
-0.037890
-0.023506
-0.012423
0.018521
0.033122
0.043499
0.059692
0.048345
0.047798
0.031631
0.018472
-0.000111
-0.015506
-0.023643
-0.056149
-0.061987
-0.057933
-0.083371
-0.055821
-0.054557
-0.049832
-0.060948
-0.034859
-0.008334
-0.009055
-0.008040
0.037618
0.027710
0.035474
0.014268
0.030230
0.038401
0.018399
0.000926
0.008834
0.012563
0.004073
-0.001112
-0.012850
-0.010186
-0.003613
-0.014522
-0.002617
-0.013443
-0.015357
0.004356
0.000044
0.024495
0.040058
0.050299
0.056455
0.054342
0.051462
0.054140
0.045150
0.060396
0.022396
0.029007
0.016254
-0.006563
-0.004070
-0.020919
-0.048028
-0.047110
-0.055161
-0.029142
-0.025624
-0.010134
-0.014369
0.018001
0.014860
0.006043
0.014871
0.004126
0.011338
-0.010019
-0.013562
0.008637
0.028136
0.009715
-0.000472
0.013098
0.030411
0.019823
-0.010201
-0.007299
-0.013824
-0.011069
-0.002399
-0.011418
-0.022585
0.005351
0.005735
0.013120
0.013229
0.027205
0.006866
0.005612
0.031540
0.022737
0.007332
0.014926
0.022323
0.031546
0.020634
0.044522
0.063579
0.086804
0.086934
0.106230
0.124245
0.135126
0.140080
0.096382
0.044488
-0.059966
-0.081674
-0.129461
-0.161534
-0.188239
-0.173167
-0.104237
-0.094959
-0.051671
0.047920
0.106509
0.152669
0.157900
0.154602
0.135106
0.075976
0.023743
-0.034751
-0.059597
-0.066629
-0.089274
-0.076150
-0.047536
-0.048499
-0.044029
-0.030423
-0.026418
-0.037715
-0.042020
-0.069866
-0.084484
-0.051833
-0.031849
-0.007212
0.014731
0.036353
0.064880
0.088287
0.092033
0.067910
0.047767
0.011078
-0.008945
-0.052397
-0.073235
-0.092407
-0.099966
-0.085423
-0.078615
-0.043446
-0.020112
0.015346
0.034322
0.041783
0.045868
0.054247
0.063450
0.033274
0.016242
0.006947
-0.001519
0.003502
-0.003324
0.012554
0.005510
0.015729
0.013004
0.021414
0.008658
0.003263
0.008166
0.003693
0.019472
0.021366
-0.004137
0.023943
0.018795
0.008240
0.010625
-0.015361
-0.024845
-0.008518
0.002238
-0.001712
0.002225
-0.009988
-0.012142
-0.023403
-0.024122
-0.019219
-0.041802
-0.010560
-0.042638
-0.023679
-0.038739
-0.026448
-0.004476
-0.022662
0.007624
0.002288
-0.008900
0.037620
0.055688
0.044006
0.074700
0.010993
0.007061
-0.002419
0.016824
0.010542
-0.010706
0.004070
-0.017242
0.007231
-0.019070
-0.009242
-0.006147
-0.010507
0.005609
-0.021603
-0.005232
-0.009850
0.006748
0.006484
0.006321
0.013529
0.010730
0.017804
0.002272
-0.001921
-0.005408
-0.004320
0.004535
0.005317
0.006295
0.008825
0.003506
-0.004962
0.003956
0.001149
-0.007663
-0.003137
0.001105
-0.010497
-0.016525
-0.004355
-0.012669
-0.011240
-0.008329
-0.004011
0.000135
0.013791
0.001144
0.004394
0.007938
0.026098
0.002658
0.021163
0.016537
0.005765
0.002486
-0.014625
0.001911
0.002363
0.006554
0.003829
-0.002631
0.017328
0.008003
0.004191
0.011880
0.005093
0.017018
0.000979
0.031155
0.030718
0.011800
0.013683
0.018514
0.028021
0.000669
0.007934
-0.014882
-0.005650
-0.021272
-0.017763
-0.025376
-0.003166
0.005434
-0.009389
-0.017487
-0.014011
-0.016065
-0.022948
-0.010226
0.005618
-0.029428
-0.010549
-0.006592
0.001801
-0.017872
-0.010046
-0.020213
-0.010904
0.014902
-0.013274
-0.022772
-0.016201
-0.016061
-0.014263
-0.029829
-0.038388
-0.027105
-0.016297
-0.022886
-0.033954
-0.015086
-0.032628
-0.021768
-0.030678
-0.031403
-0.015099
-0.003726
0.011325
0.018921
0.002931
-0.003205
-0.006227
-0.017626
-0.025458
-0.022660
-0.012390
0.012434
-0.007853
0.005258
0.026668
0.015961
0.006331
-0.003981
-0.015656
-0.006984
-0.017763
-0.022147
-0.011349
-0.017462
-0.021748
-0.030444
-0.016791
-0.007206
-0.014011
-0.014231
-0.013090
-0.026348
-0.038443
-0.008067
-0.022213
-0.002133
0.002176
-0.025772
0.003829
0.009328
0.018506
0.017451
0.007999
0.014732
-0.016725
-0.023240
-0.013446
-0.009549
0.001447
-0.026211
-0.001386
-0.001587
-0.005852
-0.002010
0.009416
0.013093
0.010541
-0.008708
-0.003085
-0.019036
-0.036613
0.004245
-0.019212
-0.028313
-0.016318
-0.023164
-0.006388
-0.004438
-0.001096
0.022143
0.037438
0.021630
0.021865
0.038023
0.023279
0.007063
-0.004240
-0.005641
-0.016976
-0.008540
-0.006932
0.005574
0.029136
0.054046
0.043570
0.054251
0.048513
0.049809
0.042149
0.027759
0.003498
0.021514
0.040940
0.022045
0.045891
0.059998
0.028077
-0.009352
-0.041759
-0.032983
-0.042921
-0.046219
-0.018680
-0.029366
-0.031628
-0.012517
0.018155
0.012144
0.007249
-0.005695
0.015735
0.006283
-0.000681
0.014371
-0.013650
-0.008436
-0.014457
-0.009268
-0.002453
0.007097
0.016430
0.012915
0.008015
0.010992
0.009397
-0.007426
-0.017826
-0.039388
-0.038545
-0.034327
-0.051558
-0.036014
-0.039118
-0.049692
-0.013276
-0.007314
0.001542
-0.002207
0.002559
0.001607
-0.016899
-0.029470
-0.019759
-0.022804
-0.044744
-0.039876
-0.016952
0.004736
-0.009457
-0.018156
0.002588
-0.021130
-0.002143
-0.010682
-0.011207
-0.017935
-0.034369
-0.028737
-0.066989
-0.068820
-0.068150
-0.049290
-0.072174
-0.062161
-0.059520
-0.038319
-0.040214
-0.025258
0.003927
-0.006470
0.009146
-0.005771
-0.005441
-0.020201
-0.026092
-0.023267
-0.039637
-0.059949
-0.047663
-0.012469
-0.006280
0.019580
0.035828
0.051302
0.057895
0.076355
0.054858
0.044754
0.002621
-0.001203
-0.028284
-0.054337
-0.051406
-0.054324
-0.060155
-0.073017
-0.048095
-0.026947
-0.016792
-0.023330
0.020145
0.006558
0.024180
0.022986
0.041245
0.053730
0.038773
0.061770
0.042189
0.028575
0.042566
0.019713
0.017204
0.009029
-0.009690
-0.008140
-0.005273
-0.024821
-0.020606
-0.008212
-0.004476
0.012902
0.025229
0.046228
0.040633
0.039840
0.041024
0.057494
0.076302
0.061633
0.060414
0.067638
0.062575
0.045293
0.029160
0.033031
-0.000852
-0.010999
-0.048744
-0.038361
-0.045002
-0.058399
-0.038504
-0.006475
-0.003242
0.016023
0.033827
0.023920
0.022997
0.005910
-0.000828
0.003914
-0.002253
-0.010517
0.000897
-0.005556
-0.002555
0.020810
0.026771
0.009750
-0.010923
-0.000295
-0.016377
-0.028082
-0.005989
-0.002022
-0.024176
-0.012644
-0.005109
-0.002337
0.017773
0.017598
0.008814
0.014349
0.015953
0.015198
0.020158
0.021793
0.041266
0.038710
0.017033
0.024534
0.033056
0.048262
0.082592
0.096126
0.107285
0.116718
0.139661
0.148578
0.144065
0.052474
-0.007715
-0.067468
-0.096097
-0.182557
-0.187359
-0.166012
-0.133228
-0.085972
-0.018593
0.030734
0.094460
0.160825
0.182294
0.183176
0.159276
0.096745
0.036604
0.007262
-0.016975
-0.040123
-0.060758
-0.051006
-0.039328
-0.009301
0.021140
0.008966
-0.010827
0.005611
0.001250
-0.028259
-0.034233
-0.039612
-0.011669
-0.001387
0.011092
0.048730
0.079381
0.094655
0.099289
0.101214
0.082847
0.076686
0.032171
0.013531
-0.023203
-0.051998
-0.055970
-0.046838
-0.039620
0.002072
0.021014
0.024907
0.054462
0.074091
0.071091
0.081160
0.093137
0.060568
0.068792
0.056178
0.037854
0.028757
0.037222
0.043395
0.046852
0.037889
0.050674
0.042401
0.049519
0.060663
0.033304
0.047775
0.046018
0.009537
0.016993
0.030299
0.024934
0.037561
0.028160
0.029845
0.028695
0.044045
0.032864
0.027074
-0.000971
0.011706
-0.003912
0.014185
0.004072
0.014696
0.026939
0.037452
0.028241
0.004624
0.001629
0.006651
-0.009411
0.034610
0.047127
0.052355
0.046872
0.080368
0.100517
0.087122
-0.017150
-0.002147
-0.025072
-0.016374
-0.011856
0.006836
0.010772
-0.026305
0.011990
-0.007839
-0.007627
-0.005886
-0.007025
0.010210
0.011534
0.012939
-0.018842
-0.003368
-0.010879
-0.005929
-0.000787
0.005726
0.004306
0.001425
-0.000144
0.001303
-0.010053
-0.007751
-0.008784
-0.017406
-0.009964
0.013803
-0.009250
-0.007041
-0.014909
0.005956
-0.000899
-0.001402
0.000374
-0.005475
-0.000540
0.011152
0.001414
-0.000013
-0.011767
-0.029908
0.002692
0.000599
-0.014727
-0.006519
-0.002025
-0.007094
0.002290
0.001155
-0.003226
0.008463
-0.010135
-0.002555
-0.005655
-0.007568
-0.000903
-0.005369
0.007597
0.006942
0.002378
0.003734
-0.003427
0.016914
0.014631
0.031161
0.020365
0.016015
0.019591
0.026061
0.016466
0.009552
-0.003828
-0.013144
0.003496
-0.036122
-0.012189
-0.024938
-0.040129
-0.017207
-0.027496
-0.002198
0.000210
-0.013642
0.000454
-0.001470
0.006388
-0.003106
-0.022185
0.018207
0.009145
0.015638
0.010186
0.008219
0.001034
-0.009466
-0.017579
0.003538
-0.003525
0.009287
0.008297
-0.000950
-0.006898
0.000443
-0.001542
-0.001098
-0.002162
-0.015792
-0.000153
0.013053
-0.014646
-0.006942
0.003770
0.005576
0.030679
0.032156
0.027656
0.025267
0.013889
0.009799
0.011527
-0.000052
-0.010858
0.005370
-0.016332
0.001143
0.016019
0.009856
0.002728
0.004858
-0.011488
-0.006849
-0.015948
-0.014766
-0.014827
-0.006339
-0.003497
-0.017103
-0.007919
-0.001436
-0.007456
0.004993
0.007262
-0.013893
0.004080
-0.007621
-0.020207
-0.029721
-0.008969
-0.017300
-0.010245
-0.017495
-0.002928
-0.000082
0.014630
0.012482
-0.015365
-0.011031
0.001049
-0.002267
-0.013642
-0.017126
-0.010203
-0.020371
-0.018100
-0.000076
0.003532
-0.000842
-0.002083
0.021368
0.013043
0.009281
-0.001977
-0.007650
-0.002812
-0.026553
-0.024574
-0.012631
-0.001631
-0.009653
0.005496
0.003617
0.030374
0.040088
0.017145
0.014110
0.007794
0.027839
0.007093
-0.011462
-0.015490
0.006407
0.003275
-0.014683
0.016983
0.034395
0.017941
0.025653
0.030631
0.013071
0.011138
0.013273
-0.002340
-0.001941
-0.001612
0.024501
0.023946
0.023946
0.013809
0.004938
-0.022142
-0.031879
-0.025983
-0.030099
-0.038667
-0.045259
-0.038680
-0.029551
-0.002267
0.012097
0.003601
-0.000619
-0.000408
0.007350
-0.007670
0.001646
0.003770
0.014919
0.000070
-0.029746
-0.021501
-0.018941
-0.017724
-0.018643
-0.010940
-0.006971
0.013351
0.004843
-0.011395
-0.010931
-0.020588
-0.007686
-0.035931
-0.058122
-0.039738
-0.028556
-0.014752
-0.026038
0.005020
0.011662
0.012960
0.008261
0.020274
0.032112
0.012960
0.015902
0.002719
-0.018514
-0.032267
-0.007797
0.010516
0.006778
0.017235
0.011172
0.025659
0.018160
-0.004483
-0.016571
-0.030843
-0.007410
-0.027958
-0.026068
-0.045104
-0.019947
-0.024631
-0.024302
-0.043546
-0.052007
-0.015337
-0.010239
0.006659
0.012520
0.049332
0.023522
0.032797
0.022316
0.002144
-0.009417
-0.012076
-0.006185
-0.038975
-0.033846
-0.010059
0.010494
0.005995
0.019805
0.058959
0.059863
0.051156
0.062662
0.037715
0.046953
0.006990
-0.008325
-0.015105
-0.029542
-0.011994
-0.032728
-0.054665
-0.036008
-0.009946
-0.025830
-0.011798
0.000265
0.013538
0.013385
0.038626
0.032162
0.029444
0.054042
0.029253
0.027925
0.040400
0.034013
0.029295
0.009935
0.009248
0.030643
0.014741
0.007230
0.010510
0.015220
0.011251
0.008253
0.002769
0.029697
0.046494
0.036258
0.043536
0.055248
0.091364
0.056752
0.058221
0.067696
0.060741
0.048897
0.017172
0.013659
-0.006067
-0.014187
-0.050443
-0.054863
-0.047523
-0.048719
-0.042302
-0.032127
-0.032264
-0.008445
-0.018048
-0.002212
0.004304
0.004298
-0.004817
-0.002681
0.005101
-0.022232
-0.022355
-0.023876
-0.017430
-0.009031
-0.004121
-0.009758
-0.013626
-0.007603
-0.002305
-0.015671
-0.009534
-0.013141
-0.039724
-0.034142
-0.006691
-0.006749
-0.015488
-0.010985
-0.000534
-0.001203
0.008344
-0.009051
0.008668
0.022279
0.025665
0.019035
0.015617
0.019139
0.011893
0.008533
0.026166
0.032125
0.056546
0.076510
0.086889
0.092633
0.124690
0.094391
0.065723
-0.025751
-0.082685
-0.133785
-0.173882
-0.196469
-0.221703
-0.184450
-0.118270
-0.088887
-0.016457
0.046679
0.107076
0.152521
0.132802
0.125908
0.086903
0.035582
-0.001555
-0.065392
-0.071316
-0.095564
-0.081522
-0.069002
-0.045273
-0.044765
-0.038715
-0.029805
-0.023093
-0.031607
-0.059873
-0.072228
-0.059326
-0.061439
-0.036072
-0.005833
0.023653
0.057330
0.069918
0.082078
0.061959
0.073950
0.058094
0.005849
-0.036182
-0.066811
-0.055480
-0.078075
-0.083100
-0.060735
-0.035166
-0.019076
-0.014836
0.015032
0.024650
0.054989
0.051571
0.045760
0.028659
0.028209
0.008465
0.005162
0.009181
0.001242
0.007852
0.025659
0.027645
0.027761
0.036991
0.048182
0.048710
0.043251
0.042214
0.015408
0.033300
0.031455
0.026909
0.040250
0.033908
0.028756
0.026828
0.022395
-0.002342
-0.006766
-0.014518
-0.004270
-0.023274
-0.002431
0.004894
-0.003802
0.013347
0.010250
0.010128
0.011315
0.020848
0.001380
0.007651
0.026347
0.017851
0.046562
0.035138
0.039954
0.061604
0.063706
0.016011
0.001694
0.003983
0.012463
-0.013674
-0.000325
0.016518
-0.005444
0.016760
-0.005920
-0.003028
-0.000368
-0.012008
-0.011483
-0.032578
-0.042796
-0.024754
-0.032185
-0.016879
-0.019283
-0.014602
-0.011933
-0.010055
-0.006318
-0.024530
-0.006260
-0.011457
-0.009455
-0.013457
0.000684
0.009125
0.003644
0.008336
-0.004940
-0.017783
-0.016527
-0.015042
-0.019472
-0.017755
-0.030933
-0.019590
-0.007286
-0.014917
-0.012475
0.006421
-0.019813
0.002268
-0.001457
-0.010381
-0.016279
-0.004232
-0.008011
0.015569
0.009334
0.010933
0.018623
0.004917
0.007752
0.015015
0.006523
0.008020
0.021584
0.008192
0.005801
0.007788
0.021857
0.010287
0.022806
0.020503
0.034816
0.024475
0.034068
0.027887
0.005744
0.010282
-0.015172
-0.026477
-0.009779
-0.011697
-0.026824
-0.016849
-0.019052
-0.029204
-0.025915
-0.025724
0.000142
-0.024845
-0.018857
-0.012150
-0.007634
-0.008373
-0.009458
-0.004688
0.003157
0.004608
-0.013701
-0.007379
-0.008528
-0.010465
0.003968
-0.018900
-0.008284
0.004924
-0.005357
0.011272
-0.018156
-0.027344
0.003395
-0.030033
-0.018838
-0.018871
-0.006179
-0.024015
-0.006255
-0.000953
0.001298
0.010611
0.007831
0.005282
0.013397
0.008942
0.026041
0.010105
-0.001041
0.007311
-0.009698
0.013378
0.011673
0.009849
0.032044
0.027729
0.008071
0.002166
0.001044
0.008656
0.005560
0.005671
0.004058
0.005850
0.000515
0.000569
-0.006247
-0.004296
-0.010556
0.017176
0.011553
0.019308
0.019498
-0.007690
0.005312
-0.010008
-0.017916
0.000736
-0.038990
-0.015422
-0.013104
-0.001240
-0.002981
0.005746
0.003406
-0.000726
-0.011265
0.003054
-0.001866
-0.005569
-0.024854
0.003088
-0.014117
-0.023522
-0.041615
-0.005733
-0.009303
-0.007710
0.005245
0.004129
0.014710
0.007357
0.001649
-0.015452
-0.013988
-0.016195
-0.025507
-0.012259
-0.026454
-0.029864
-0.011768
0.008532
0.020153
0.028940
0.044635
0.014138
0.032817
0.042033
0.029473
0.019478
0.019984
0.026355
0.002797
0.016520
0.015430
0.026486
0.023039
0.035018
0.015173
0.016390
0.016969
0.011781
0.014584
0.001429
-0.009038
0.011500
0.003893
-0.019415
-0.003048
-0.024888
-0.015054
-0.057689
-0.058840
-0.024555
-0.031821
-0.022005
-0.025989
-0.018790
-0.035314
-0.016332
-0.019806
-0.035041
-0.016821
-0.024359
-0.011413
-0.014755
-0.002088
-0.016148
-0.023603
-0.057858
-0.033504
-0.020751
-0.030022
-0.026928
-0.003417
-0.006253
-0.009835
-0.012061
-0.000714
-0.022628
-0.022185
-0.043878
-0.055469
-0.057440
-0.086216
-0.051660
-0.053225
-0.034038
-0.020022
-0.028602
-0.021549
-0.021271
0.001636
-0.018122
-0.016679
-0.040820
-0.022776
-0.026211
-0.037145
-0.017873
-0.012393
0.000866
-0.014849
-0.031137
-0.017538
-0.014840
-0.011117
-0.041568
-0.022716
-0.058013
-0.043229
-0.047932
-0.070306
-0.078479
-0.060315
-0.042978
-0.062419
-0.081463
-0.062765
-0.054386
-0.049017
-0.022718
0.007276
0.018415
0.016118
0.000796
-0.021530
-0.039888
-0.035998
-0.036628
-0.049873
-0.065598
-0.052829
-0.027248
-0.001196
0.017436
0.040209
0.048612
0.060444
0.034290
0.033065
0.007104
-0.011656
-0.008478
-0.049424
-0.056335
-0.039161
-0.060485
-0.083169
-0.069355
-0.052305
-0.026595
-0.035094
-0.026698
0.006322
0.000361
-0.004496
0.029988
0.037034
0.016921
0.015232
0.035983
0.037960
0.031132
0.017916
-0.011120
0.013581
0.001952
-0.002407
-0.003266
-0.016965
-0.011859
-0.022323
-0.018839
-0.014816
-0.016124
-0.003903
-0.015570
0.013916
0.028618
0.029956
0.044767
0.064720
0.053307
0.025774
0.028568
-0.000009
-0.025445
-0.018716
-0.046661
-0.069553
-0.063203
-0.061208
-0.064082
-0.036147
-0.041101
-0.015461
-0.030030
-0.020999
-0.004970
0.007998
0.015041
0.022189
0.015353
-0.001567
0.008758
0.014678
-0.023845
-0.008615
0.005259
-0.033747
-0.045755
-0.033572
-0.026616
-0.032325
-0.013289
-0.036406
-0.042957
-0.039903
-0.021350
-0.017708
-0.017013
-0.016073
-0.003272
-0.006078
-0.015629
-0.012990
-0.008011
0.005768
0.020209
0.033159
0.028394
0.014563
-0.009160
0.001927
0.015621
0.025167
0.049660
0.066450
0.077931
0.092177
0.108502
0.099899
0.109397
0.079798
0.021586
-0.050072
-0.093746
-0.158805
-0.194745
-0.218984
-0.177997
-0.123122
-0.058884
-0.021255
0.042625
0.108694
0.146017
0.158928
0.129959
0.108673
0.069426
-0.007128
-0.033719
-0.045920
-0.058540
-0.070411
-0.028959
-0.045575
-0.025107
-0.009406
0.008709
-0.004760
-0.018722
-0.012836
-0.034204
-0.041964
-0.034906
-0.004819
-0.000703
0.037280
0.062377
0.100673
0.107104
0.112982
0.091294
0.062045
0.025912
-0.009422
-0.041474
-0.074882
-0.080012
-0.072880
-0.056384
-0.031647
-0.019086
0.006787
0.023910
0.061069
0.072823
0.060505
0.075646
0.044145
0.050598
0.034748
0.040778
0.027969
0.016577
0.032191
0.051440
0.046569
0.037630
0.035904
0.047635
0.045231
0.036240
0.018641
0.031762
0.042122
0.021323
0.031086
0.026465
0.036212
0.040035
0.030599
0.000444
0.000765
-0.031598
-0.023293
-0.041300
-0.042047
-0.022798
-0.018748
-0.013216
-0.018429
-0.002099
0.009675
-0.005024
0.020886
-0.008216
0.006408
-0.006439
0.005054
0.005736
0.030510
0.042452
0.024298
-0.002808
-0.018590
-0.019591
-0.020015
-0.024481
-0.000780
0.008981
-0.006139
-0.007962
-0.014273
-0.023387
-0.007452
-0.014961
-0.002427
-0.016482
-0.015458
-0.020620
-0.038291
-0.023236
-0.020487
-0.011488
-0.016044
-0.013770
-0.000157
0.002557
-0.011433
-0.010922
-0.013353
0.008361
-0.002379
-0.001542
0.006409
0.001348
0.014134
-0.003182
-0.009675
0.001417
-0.004804
-0.029209
-0.014709
-0.011063
-0.011893
-0.016999
-0.016479
0.005571
-0.015343
-0.001064
-0.004529
-0.009923
-0.023625
-0.011572
0.007917
0.002867
-0.013061
-0.005063
0.001220
-0.026853
-0.005938
-0.005759
-0.001132
0.004151
0.008257
0.031592
0.003770
-0.002084
0.017144
0.005210
0.014482
0.021673
0.034399
0.047604
0.032248
0.030996
0.004542
0.008317
-0.016066
-0.019307
-0.007357
0.007212
-0.004277
0.008125
0.011421
0.002377
0.013924
-0.000040
-0.000301
-0.007119
-0.009316
0.007779
-0.002972
0.017447
0.008384
-0.013080
-0.011589
-0.002416
0.004845
-0.007733
-0.007270
-0.014196
-0.020267
-0.046920
-0.022991
-0.020692
-0.030960
-0.029066
-0.035950
-0.044819
-0.037429
-0.044484
-0.020334
-0.025634
-0.022814
-0.044661
-0.014920
-0.014681
-0.014417
-0.013410
-0.005527
0.012206
0.001011
-0.019823
0.002918
-0.002063
-0.018879
-0.001444
0.001445
-0.002806
-0.002122
-0.024963
-0.006283
0.008815
-0.007399
-0.021869
-0.018776
-0.029630
-0.016097
-0.040299
-0.032676
-0.034698
-0.015552
-0.029117
-0.028427
-0.018297
-0.007100
-0.024885
-0.035797
-0.033017
-0.021603
-0.020272
-0.026388
-0.028913
-0.014852
-0.019122
-0.036719
-0.006314
-0.018434
-0.001450
-0.004695
-0.010122
-0.004596
-0.002376
-0.012386
-0.012996
0.006696
0.003452
-0.014971
0.006384
-0.019910
-0.041099
-0.025834
-0.025405
-0.024099
-0.001278
0.017021
0.027634
0.014525
0.013024
0.019144
0.005253
-0.013304
-0.005940
-0.017173
-0.003972
-0.024931
-0.016325
-0.013201
0.005097
0.017865
0.007699
0.038407
0.021993
0.027350
0.014669
0.029281
0.014252
0.014272
0.001183
-0.014134
-0.012797
0.007065
0.002118
0.018671
0.015919
0.031388
0.009136
0.020734
0.009696
0.013998
0.000921
-0.012116
-0.031673
-0.025800
-0.046487
-0.048487
-0.049888
-0.034599
-0.038671
-0.043043
-0.030949
-0.016347
-0.015431
-0.037393
-0.017774
-0.009622
-0.014164
-0.018143
0.009240
0.004453
0.002727
0.014259
0.020073
0.010742
0.004591
-0.000574
-0.018506
-0.044863
-0.047956
-0.044682
-0.040584
-0.055443
-0.028134
-0.018343
-0.015980
-0.012582
-0.019389
0.002172
-0.020321
-0.020439
-0.018640
-0.048982
-0.050760
-0.025836
-0.009629
-0.037691
-0.013624
0.013387
0.028986
0.019042
0.028130
0.017908
-0.018534
-0.015507
-0.023109
-0.015387
-0.012271
-0.019928
-0.007576
-0.006379
-0.003430
-0.022346
-0.022836
-0.004738
-0.023321
-0.004135
-0.032068
-0.021219
-0.023532
-0.024438
-0.044133
-0.018962
-0.032232
-0.015261
-0.046205
-0.034837
-0.036434
-0.042902
-0.020359
-0.002486
0.007195
0.029709
0.034925
0.039867
0.023382
0.001469
-0.010137
-0.019940
-0.028017
-0.067132
-0.054420
-0.031894
0.011120
0.000680
0.017558
0.059562
0.060068
0.072127
0.034699
0.021500
0.008595
-0.007069
-0.016368
-0.040066
-0.054156
-0.068007
-0.078188
-0.075173
-0.054911
-0.040583
-0.057121
-0.041148
0.002905
0.012205
-0.003928
0.046107
0.034028
0.019006
0.045653
0.027225
0.032972
0.040564
0.047277
0.046689
0.030362
0.022544
0.029297
0.014536
-0.013733
-0.004406
-0.010541
-0.002604
-0.002581
-0.008454
-0.004756
0.024451
0.033883
0.027938
0.019203
0.045551
0.017358
0.017191
0.009723
-0.002088
-0.016575
-0.023047
-0.034300
-0.042763
-0.039584
-0.034151
-0.042262
-0.019263
-0.019301
-0.026872
-0.022942
-0.031893
-0.012721
0.010050
0.013166
0.006910
0.030849
0.012560
0.014368
0.011320
-0.015357
-0.012345
-0.008017
-0.034503
-0.031173
-0.015082
-0.014361
-0.020020
-0.017896
-0.021847
-0.029721
-0.037183
-0.044376
-0.028342
-0.029398
-0.021228
-0.012890
0.011926
0.011418
0.009081
0.005319
0.000782
0.007416
0.019171
-0.001167
-0.009514
-0.006134
-0.011539
0.009974
0.001429
0.033756
0.040450
0.065099
0.073121
0.080975
0.068973
0.094507
0.102208
0.089718
0.036998
-0.026388
-0.079858
-0.137395
-0.195793
-0.203919
-0.203424
-0.163079
-0.115491
-0.064364
0.016468
0.085950
0.136367
0.158499
0.139935
0.156445
0.095845
0.047142
0.004001
-0.019402
-0.019108
-0.053108
-0.044341
-0.058794
-0.035571
-0.022153
0.000634
-0.006737
-0.018268
-0.012746
-0.030849
-0.049675
-0.046707
-0.034052
-0.010139
0.013849
0.038431
0.045529
0.091285
0.085479
0.098399
0.063196
0.026547
-0.008235
-0.033231
-0.074422
-0.077688
-0.094856
-0.087450
-0.080265
-0.063449
-0.011049
0.013326
0.008446
0.004639
0.031401
0.054067
0.039361
0.010650
0.026803
0.027637
0.009691
0.011079
0.033910
0.034130
0.018937
0.030218
0.037890
0.042815
0.060800
0.023951
0.030719
0.001240
0.007131
-0.000014
0.013620
0.006385
-0.002908
-0.014450
-0.014263
-0.021486
-0.023080
-0.050192
-0.058131
-0.044409
-0.028524
-0.024943
-0.024593
-0.025709
-0.008590
-0.031865
-0.013703
-0.014549
-0.013974
-0.010534
-0.000559
0.008757
-0.020418
0.015983
0.013663
0.034612
